42: 9 14 | 10 1
9: 14 27 | 1 26
10: 23 14 | 28 1
1: "a"
5: 1 14 | 1 1 | 14 1
19: 14 1 | 14 14
12: 24 14 | 19 1
16: 1 1 | 14 1 | 14 14
31: 14 17 | 1 13
6: 14 14 | 1 14
2: 1 24 | 14 4
13: 14 3 | 1 12
17: 14 2 | 1 7
23: 25 1 | 22 14
28: 16 1
4: 1 1
20: 14 14 | 1 14 | 1 1
3: 5 14 | 16 1
27: 1 6 | 14 18
14: "b"
21: 14 1 | 1 14
25: 1 1 | 1 14
22: 14 14
26: 14 22 | 1 20
18: 1 1 | 14 14 | 1 14 | 14 1
7: 14 5 | 1 21
24: 14 1
8: 42 42 | 42 8
0: 8 11 | 42 11
11: 42 31 | 42 730
730: 11 31
8001: 42 42 | 8002 42
8002: 42 42 | 8003 42
8003: 42 42 | 8004 42
8004: 42 42 | 8005 42
8005: 42 42 | 8006 42
8006: 42 42 | 8007 42
8007: 42 42 | 8008 42
8008: 42 42 | 8009 42
8009: 42 42 | 80010 42
80010: 42 42 | 80011 42
80011: 42 42 | 80012 42
80012: 42 42 | 80013 42
80013: 42 42 | 80014 42
80014: 42 42 | 80015 42
80015: 42 42 | 80016 42
80016: 42 42 | 80017 42
80017: 42 42 | 80018 42
80018: 42 42 | 80019 42
80019: 42 42 | 80020 42
80020: 42 42 | 80021 42
80021: 42 42 | 80022 42
80022: 42 42 | 80023 42
80023: 42 42 | 80024 42
80024: 42 42 | 80025 42
80025: 42 42 | 80026 42
80026: 42 42 | 80027 42
80027: 42 42 | 80028 42
80028: 42 42 | 80029 42
80029: 42 42 | 80030 42
80030: 42 42 | 80031 42
80031: 42 42 | 80032 42
80032: 42 42 | 80033 42
80033: 42 42 | 80034 42
80034: 42 42 | 80035 42
80035: 42 42 | 80036 42
80036: 42 42 | 80037 42
80037: 42 42 | 80038 42
80038: 42 42 | 80039 42
80039: 42 42 | 80040 42
80040: 42 42 | 80041 42
80041: 42 42 | 80042 42
80042: 42 42 | 80043 42
80043: 42 42 | 80044 42
80044: 42 42 | 80045 42
80045: 42 42 | 80046 42
80046: 42 42 | 80047 42
80047: 42 42

abbbbbabbbaaaababbaabbbbabababbbabbbbbbabaaaa
bbabbbbaabaabba
babbbbaabbbbbabbbbbbaabaaabaaa
aaabbbbbbaaaabaababaabababbabaaabbababababaaa
bbbbbbbaaaabbbbaaabbabaaa
bbbababbbbaaaaaaaabbababaaababaabab
ababaaaaaabaaab
ababaaaaabbbaba
baabbaaaabbaaaababbaababb
abbbbabbbbaaaababbbbbbaaaababb
aaaaabbaabaaaaababaa
aaaabbaaaabbaaa
aaaabbaabbaaaaaaabbbabbbaaabbaabaaa
babaaabbbaaabaababbaabababaaab
aabbbbbaabbbaaaaaabbbbbababaaaaabbaaabba